### var1 :  probe_sc_eta 
### var2 :  probe_sc_et 
  +0.000	  +1.479	 +10.000	 +12.000	0.720	0.024	0.909	0.087	-1.000	-1.000	-1.000	-1.000
  +1.479	  +2.500	 +10.000	 +12.000	0.576	0.029	1.000	0.001	-1.000	-1.000	-1.000	-1.000
  +0.000	  +1.479	 +12.000	 +14.000	0.919	0.011	0.963	0.036	-1.000	-1.000	-1.000	-1.000
  +1.479	  +2.500	 +12.000	 +14.000	0.802	0.018	0.917	0.056	-1.000	-1.000	-1.000	-1.000
  +0.000	  +1.479	 +14.000	 +16.000	0.940	0.007	0.982	0.017	-1.000	-1.000	-1.000	-1.000
  +1.479	  +2.500	 +14.000	 +16.000	0.860	0.013	1.000	0.001	-1.000	-1.000	-1.000	-1.000
  +0.000	  +1.479	 +16.000	 +18.000	0.956	0.005	1.000	0.001	-1.000	-1.000	-1.000	-1.000
  +1.479	  +2.500	 +16.000	 +18.000	0.874	0.011	0.955	0.031	-1.000	-1.000	-1.000	-1.000
  +0.000	  +1.479	 +18.000	 +20.000	0.962	0.004	0.961	0.019	-1.000	-1.000	-1.000	-1.000
  +1.479	  +2.500	 +18.000	 +20.000	0.902	0.008	0.952	0.027	-1.000	-1.000	-1.000	-1.000
  +0.000	  +1.479	 +20.000	 +21.000	0.942	0.006	0.964	0.020	-1.000	-1.000	-1.000	-1.000
  +1.479	  +2.500	 +20.000	 +21.000	0.926	0.010	0.933	0.046	-1.000	-1.000	-1.000	-1.000
  +0.000	  +1.479	 +21.000	 +22.000	0.958	0.005	0.947	0.026	-1.000	-1.000	-1.000	-1.000
  +1.479	  +2.500	 +21.000	 +22.000	0.931	0.009	1.000	0.001	-1.000	-1.000	-1.000	-1.000
  +0.000	  +1.479	 +22.000	 +23.000	0.959	0.004	0.955	0.022	-1.000	-1.000	-1.000	-1.000
  +1.479	  +2.500	 +22.000	 +23.000	0.947	0.007	1.000	0.001	-1.000	-1.000	-1.000	-1.000
  +0.000	  +1.479	 +23.000	 +24.000	0.950	0.005	0.960	0.020	-1.000	-1.000	-1.000	-1.000
  +1.479	  +2.500	 +23.000	 +24.000	0.938	0.007	1.000	0.001	-1.000	-1.000	-1.000	-1.000
  +0.000	  +1.479	 +24.000	 +25.000	0.945	0.005	0.950	0.017	-1.000	-1.000	-1.000	-1.000
  +1.479	  +2.500	 +24.000	 +25.000	0.940	0.007	0.982	0.018	-1.000	-1.000	-1.000	-1.000
  +0.000	  +1.479	 +25.000	 +27.000	0.946	0.003	0.968	0.010	-1.000	-1.000	-1.000	-1.000
  +1.479	  +2.500	 +25.000	 +27.000	0.957	0.004	0.984	0.011	-1.000	-1.000	-1.000	-1.000
  +0.000	  +1.479	 +27.000	 +28.500	0.949	0.003	0.948	0.012	-1.000	-1.000	-1.000	-1.000
  +1.479	  +2.500	 +27.000	 +28.500	0.958	0.004	0.984	0.011	-1.000	-1.000	-1.000	-1.000
  +0.000	  +1.479	 +28.500	 +30.000	0.950	0.003	0.947	0.011	-1.000	-1.000	-1.000	-1.000
  +1.479	  +2.500	 +28.500	 +30.000	0.966	0.003	0.964	0.016	-1.000	-1.000	-1.000	-1.000
  +0.000	  +1.479	 +30.000	 +35.000	0.958	0.001	0.970	0.004	-1.000	-1.000	-1.000	-1.000
  +1.479	  +2.500	 +30.000	 +35.000	0.970	0.001	0.984	0.005	-1.000	-1.000	-1.000	-1.000
  +0.000	  +1.479	 +35.000	 +40.000	0.971	0.001	0.978	0.002	-1.000	-1.000	-1.000	-1.000
  +1.479	  +2.500	 +35.000	 +40.000	0.981	0.001	0.983	0.004	-1.000	-1.000	-1.000	-1.000
  +0.000	  +1.479	 +40.000	 +45.000	0.976	0.001	0.979	0.002	-1.000	-1.000	-1.000	-1.000
  +1.479	  +2.500	 +40.000	 +45.000	0.984	0.001	0.979	0.004	-1.000	-1.000	-1.000	-1.000
  +0.000	  +1.479	 +45.000	 +50.000	0.979	0.001	0.981	0.003	-1.000	-1.000	-1.000	-1.000
  +1.479	  +2.500	 +45.000	 +50.000	0.988	0.001	0.989	0.004	-1.000	-1.000	-1.000	-1.000
  +0.000	  +1.479	 +50.000	 +60.000	0.983	0.001	0.990	0.003	-1.000	-1.000	-1.000	-1.000
  +1.479	  +2.500	 +50.000	 +60.000	0.986	0.002	0.992	0.005	-1.000	-1.000	-1.000	-1.000
  +0.000	  +1.479	 +60.000	 +70.000	0.982	0.002	0.980	0.009	-1.000	-1.000	-1.000	-1.000
  +1.479	  +2.500	 +60.000	 +70.000	0.984	0.004	0.988	0.012	-1.000	-1.000	-1.000	-1.000
  +0.000	  +1.479	 +70.000	 +80.000	0.990	0.002	1.000	0.001	-1.000	-1.000	-1.000	-1.000
  +1.479	  +2.500	 +70.000	 +80.000	0.989	0.004	1.000	0.001	-1.000	-1.000	-1.000	-1.000
  +0.000	  +1.479	 +80.000	+100.000	0.989	0.002	0.990	0.010	-1.000	-1.000	-1.000	-1.000
  +1.479	  +2.500	 +80.000	+100.000	0.987	0.005	1.000	0.001	-1.000	-1.000	-1.000	-1.000
  +0.000	  +1.479	+100.000	+150.000	0.988	0.003	1.000	0.001	-1.000	-1.000	-1.000	-1.000
  +1.479	  +2.500	+100.000	+150.000	0.997	0.003	1.000	0.001	-1.000	-1.000	-1.000	-1.000
  +0.000	  +1.479	+150.000	+200.000	1.000	0.001	1.000	0.001	-1.000	-1.000	-1.000	-1.000
  +1.479	  +2.500	+150.000	+200.000	1.000	0.001	1.000	0.001	-1.000	-1.000	-1.000	-1.000
  +0.000	  +1.479	+200.000	+250.000	1.000	0.001	1.000	0.001	-1.000	-1.000	-1.000	-1.000
  +1.479	  +2.500	+200.000	+250.000	1.000	0.001	1.000	0.001	-1.000	-1.000	-1.000	-1.000
