### var1 :  probe_sc_eta 
### var2 :  probe_sc_et 
  +0.000	  +1.479	 +10.000	 +12.000	5.000	6.000	0.000	0.000	-1.000	-1.000	-1.000	-1.000
  +1.479	  +2.500	 +10.000	 +12.000	2.000	2.000	0.000	0.000	-1.000	-1.000	-1.000	-1.000
  +0.000	  +1.479	 +12.000	 +14.000	17.000	17.000	2.000	2.000	-1.000	-1.000	-1.000	-1.000
  +1.479	  +2.500	 +12.000	 +14.000	2.000	2.000	3.000	3.000	-1.000	-1.000	-1.000	-1.000
  +0.000	  +1.479	 +14.000	 +16.000	34.000	35.000	4.000	5.000	-1.000	-1.000	-1.000	-1.000
  +1.479	  +2.500	 +14.000	 +16.000	32.000	32.000	7.000	7.000	-1.000	-1.000	-1.000	-1.000
  +0.000	  +1.479	 +16.000	 +18.000	98.000	99.000	14.000	14.000	-1.000	-1.000	-1.000	-1.000
  +1.479	  +2.500	 +16.000	 +18.000	90.000	92.000	19.000	19.000	-1.000	-1.000	-1.000	-1.000
  +0.000	  +1.479	 +18.000	 +20.000	251.000	261.000	60.000	61.000	-1.000	-1.000	-1.000	-1.000
  +1.479	  +2.500	 +18.000	 +20.000	242.000	250.000	39.000	41.000	-1.000	-1.000	-1.000	-1.000
  +0.000	  +1.479	 +20.000	 +21.000	438.000	445.000	130.000	132.000	-1.000	-1.000	-1.000	-1.000
  +1.479	  +2.500	 +20.000	 +21.000	428.000	440.000	110.000	110.000	-1.000	-1.000	-1.000	-1.000
  +0.000	  +1.479	 +21.000	 +22.000	1507.000	1518.000	499.000	502.000	-1.000	-1.000	-1.000	-1.000
  +1.479	  +2.500	 +21.000	 +22.000	1316.000	1333.000	345.000	347.000	-1.000	-1.000	-1.000	-1.000
  +0.000	  +1.479	 +22.000	 +23.000	5777.000	5828.000	1868.000	1880.000	-1.000	-1.000	-1.000	-1.000
  +1.479	  +2.500	 +22.000	 +23.000	3018.000	3047.000	918.000	922.000	-1.000	-1.000	-1.000	-1.000
  +0.000	  +1.479	 +23.000	 +24.000	17913.000	18023.000	3499.000	3523.000	-1.000	-1.000	-1.000	-1.000
  +1.479	  +2.500	 +23.000	 +24.000	5903.000	5944.000	1443.000	1448.000	-1.000	-1.000	-1.000	-1.000
  +0.000	  +1.479	 +24.000	 +25.000	24408.000	24596.000	4042.000	4084.000	-1.000	-1.000	-1.000	-1.000
  +1.479	  +2.500	 +24.000	 +25.000	8427.000	8494.000	1604.000	1608.000	-1.000	-1.000	-1.000	-1.000
  +0.000	  +1.479	 +25.000	 +27.000	58869.000	59298.000	9874.000	9957.000	-1.000	-1.000	-1.000	-1.000
  +1.479	  +2.500	 +25.000	 +27.000	21848.000	22029.000	3951.000	3971.000	-1.000	-1.000	-1.000	-1.000
  +0.000	  +1.479	 +27.000	 +28.500	55221.000	55670.000	9365.000	9436.000	-1.000	-1.000	-1.000	-1.000
  +1.479	  +2.500	 +27.000	 +28.500	20657.000	20843.000	3606.000	3621.000	-1.000	-1.000	-1.000	-1.000
  +0.000	  +1.479	 +28.500	 +30.000	66338.000	66892.000	11511.000	11597.000	-1.000	-1.000	-1.000	-1.000
  +1.479	  +2.500	 +28.500	 +30.000	24472.000	24697.000	4204.000	4223.000	-1.000	-1.000	-1.000	-1.000
  +0.000	  +1.479	 +30.000	 +35.000	337225.000	340024.000	59793.000	60305.000	-1.000	-1.000	-1.000	-1.000
  +1.479	  +2.500	 +30.000	 +35.000	116570.000	117526.000	20954.000	21060.000	-1.000	-1.000	-1.000	-1.000
  +0.000	  +1.479	 +35.000	 +40.000	592896.000	597703.000	106815.000	107645.000	-1.000	-1.000	-1.000	-1.000
  +1.479	  +2.500	 +35.000	 +40.000	177771.000	179049.000	33704.000	33834.000	-1.000	-1.000	-1.000	-1.000
  +0.000	  +1.479	 +40.000	 +45.000	733660.000	739127.000	130854.000	131903.000	-1.000	-1.000	-1.000	-1.000
  +1.479	  +2.500	 +40.000	 +45.000	188915.000	190005.000	39173.000	39294.000	-1.000	-1.000	-1.000	-1.000
  +0.000	  +1.479	 +45.000	 +50.000	407670.000	410547.000	69442.000	70050.000	-1.000	-1.000	-1.000	-1.000
  +1.479	  +2.500	 +45.000	 +50.000	104191.000	104782.000	22160.000	22221.000	-1.000	-1.000	-1.000	-1.000
  +0.000	  +1.479	 +50.000	 +60.000	202457.000	203906.000	33395.000	33676.000	-1.000	-1.000	-1.000	-1.000
  +1.479	  +2.500	 +50.000	 +60.000	53639.000	53962.000	10785.000	10832.000	-1.000	-1.000	-1.000	-1.000
  +0.000	  +1.479	 +60.000	 +70.000	42716.000	43006.000	6763.000	6830.000	-1.000	-1.000	-1.000	-1.000
  +1.479	  +2.500	 +60.000	 +70.000	11714.000	11808.000	2126.000	2130.000	-1.000	-1.000	-1.000	-1.000
  +0.000	  +1.479	 +70.000	 +80.000	18927.000	19082.000	2836.000	2866.000	-1.000	-1.000	-1.000	-1.000
  +1.479	  +2.500	 +70.000	 +80.000	5092.000	5131.000	826.000	830.000	-1.000	-1.000	-1.000	-1.000
  +0.000	  +1.479	 +80.000	+100.000	17936.000	18086.000	2492.000	2508.000	-1.000	-1.000	-1.000	-1.000
  +1.479	  +2.500	 +80.000	+100.000	4528.000	4558.000	740.000	745.000	-1.000	-1.000	-1.000	-1.000
  +0.000	  +1.479	+100.000	+150.000	13936.000	14066.000	1966.000	1986.000	-1.000	-1.000	-1.000	-1.000
  +1.479	  +2.500	+100.000	+150.000	3199.000	3221.000	534.000	536.000	-1.000	-1.000	-1.000	-1.000
  +0.000	  +1.479	+150.000	+200.000	3723.000	3747.000	467.000	470.000	-1.000	-1.000	-1.000	-1.000
  +1.479	  +2.500	+150.000	+200.000	804.000	809.000	118.000	118.000	-1.000	-1.000	-1.000	-1.000
  +0.000	  +1.479	+200.000	+250.000	1299.000	1307.000	175.000	176.000	-1.000	-1.000	-1.000	-1.000
  +1.479	  +2.500	+200.000	+250.000	263.000	263.000	45.000	45.000	-1.000	-1.000	-1.000	-1.000
