### var1 :  probe_sc_eta 
### var2 :  event_nPV 
  +0.000	  +1.479	  +0.000	  +3.000	462.000	481.000	14073.000	14143.000	-1.000	-1.000	-1.000	-1.000
  +1.479	  +2.500	  +0.000	  +3.000	126.000	127.000	4262.000	4279.000	-1.000	-1.000	-1.000	-1.000
  +0.000	  +1.479	  +3.000	  +6.000	4394.000	4488.000	2384.000	2400.000	-1.000	-1.000	-1.000	-1.000
  +1.479	  +2.500	  +3.000	  +6.000	1329.000	1362.000	803.000	806.000	-1.000	-1.000	-1.000	-1.000
  +0.000	  +1.479	  +6.000	  +9.000	34787.000	35597.000	5813.000	5859.000	-1.000	-1.000	-1.000	-1.000
  +1.479	  +2.500	  +6.000	  +9.000	10534.000	10669.000	1845.000	1850.000	-1.000	-1.000	-1.000	-1.000
  +0.000	  +1.479	  +9.000	 +12.000	138312.000	141063.000	15316.000	15434.000	-1.000	-1.000	-1.000	-1.000
  +1.479	  +2.500	  +9.000	 +12.000	41679.000	42138.000	4711.000	4724.000	-1.000	-1.000	-1.000	-1.000
  +0.000	  +1.479	 +12.000	 +15.000	310535.000	316241.000	27414.000	27647.000	-1.000	-1.000	-1.000	-1.000
  +1.479	  +2.500	 +12.000	 +15.000	92833.000	93817.000	8797.000	8824.000	-1.000	-1.000	-1.000	-1.000
  +0.000	  +1.479	 +15.000	 +18.000	483860.000	492623.000	38670.000	38975.000	-1.000	-1.000	-1.000	-1.000
  +1.479	  +2.500	 +15.000	 +18.000	144814.000	146326.000	12577.000	12622.000	-1.000	-1.000	-1.000	-1.000
  +0.000	  +1.479	 +18.000	 +21.000	585918.000	596175.000	45507.000	45894.000	-1.000	-1.000	-1.000	-1.000
  +1.479	  +2.500	 +18.000	 +21.000	174202.000	176062.000	14495.000	14544.000	-1.000	-1.000	-1.000	-1.000
  +0.000	  +1.479	 +21.000	 +24.000	588834.000	598622.000	47488.000	47875.000	-1.000	-1.000	-1.000	-1.000
  +1.479	  +2.500	 +21.000	 +24.000	173666.000	175515.000	15009.000	15063.000	-1.000	-1.000	-1.000	-1.000
  +0.000	  +1.479	 +24.000	 +27.000	496801.000	504947.000	44989.000	45299.000	-1.000	-1.000	-1.000	-1.000
  +1.479	  +2.500	 +24.000	 +27.000	146388.000	147978.000	14241.000	14293.000	-1.000	-1.000	-1.000	-1.000
  +0.000	  +1.479	 +27.000	 +30.000	362274.000	367849.000	39219.000	39498.000	-1.000	-1.000	-1.000	-1.000
  +1.479	  +2.500	 +27.000	 +30.000	106166.000	107234.000	12494.000	12527.000	-1.000	-1.000	-1.000	-1.000
  +0.000	  +1.479	 +30.000	 +33.000	227975.000	231411.000	32237.000	32491.000	-1.000	-1.000	-1.000	-1.000
  +1.479	  +2.500	 +30.000	 +33.000	65505.000	66184.000	10175.000	10221.000	-1.000	-1.000	-1.000	-1.000
  +0.000	  +1.479	 +33.000	 +36.000	126149.000	127898.000	25813.000	26009.000	-1.000	-1.000	-1.000	-1.000
  +1.479	  +2.500	 +33.000	 +36.000	36270.000	36645.000	8234.000	8260.000	-1.000	-1.000	-1.000	-1.000
  +0.000	  +1.479	 +36.000	 +39.000	63009.000	63861.000	20115.000	20276.000	-1.000	-1.000	-1.000	-1.000
  +1.479	  +2.500	 +36.000	 +39.000	17644.000	17823.000	6273.000	6293.000	-1.000	-1.000	-1.000	-1.000
  +0.000	  +1.479	 +39.000	 +42.000	28497.000	28836.000	15548.000	15713.000	-1.000	-1.000	-1.000	-1.000
  +1.479	  +2.500	 +39.000	 +42.000	8023.000	8107.000	4855.000	4883.000	-1.000	-1.000	-1.000	-1.000
  +0.000	  +1.479	 +42.000	 +45.000	12168.000	12315.000	12334.000	12469.000	-1.000	-1.000	-1.000	-1.000
  +1.479	  +2.500	 +42.000	 +45.000	3418.000	3457.000	3810.000	3827.000	-1.000	-1.000	-1.000	-1.000
  +0.000	  +1.479	 +45.000	 +48.000	5016.000	5076.000	9236.000	9339.000	-1.000	-1.000	-1.000	-1.000
  +1.479	  +2.500	 +45.000	 +48.000	1392.000	1404.000	2822.000	2836.000	-1.000	-1.000	-1.000	-1.000
  +0.000	  +1.479	 +48.000	 +51.000	2040.000	2059.000	6760.000	6842.000	-1.000	-1.000	-1.000	-1.000
  +1.479	  +2.500	 +48.000	 +51.000	592.000	596.000	2031.000	2040.000	-1.000	-1.000	-1.000	-1.000
  +0.000	  +1.479	 +51.000	 +54.000	830.000	834.000	4597.000	4672.000	-1.000	-1.000	-1.000	-1.000
  +1.479	  +2.500	 +51.000	 +54.000	216.000	219.000	1417.000	1421.000	-1.000	-1.000	-1.000	-1.000
  +0.000	  +1.479	 +54.000	 +57.000	356.000	361.000	3001.000	3044.000	-1.000	-1.000	-1.000	-1.000
  +1.479	  +2.500	 +54.000	 +57.000	73.000	74.000	923.000	932.000	-1.000	-1.000	-1.000	-1.000
  +0.000	  +1.479	 +57.000	 +60.000	168.000	169.000	1859.000	1880.000	-1.000	-1.000	-1.000	-1.000
  +1.479	  +2.500	 +57.000	 +60.000	48.000	48.000	565.000	569.000	-1.000	-1.000	-1.000	-1.000
  +0.000	  +1.479	 +60.000	 +63.000	68.000	68.000	1122.000	1142.000	-1.000	-1.000	-1.000	-1.000
  +1.479	  +2.500	 +60.000	 +63.000	16.000	16.000	336.000	339.000	-1.000	-1.000	-1.000	-1.000
  +0.000	  +1.479	 +63.000	 +66.000	28.000	28.000	718.000	724.000	-1.000	-1.000	-1.000	-1.000
  +1.479	  +2.500	 +63.000	 +66.000	11.000	11.000	229.000	230.000	-1.000	-1.000	-1.000	-1.000
  +0.000	  +1.479	 +66.000	 +69.000	26.000	26.000	368.000	374.000	-1.000	-1.000	-1.000	-1.000
  +1.479	  +2.500	 +66.000	 +69.000	8.000	8.000	100.000	100.000	-1.000	-1.000	-1.000	-1.000
